tr_L=0.4905985510845843;
tr_H=0.3407746006864175;
ksmc=1.1505319790065385;
