tr_L=0.4339518368951456;
 tr_H=0.928777446034956;
 ksmc=0.0856604118474581;
