tr_L=0.5433379076597397;
 tr_H=0.8811415136538266;
 ksmc=0.2513959954213645;
