tr_L=0.9774770354194959;
tr_H=0.6062828804598095;
ksmc=0.7360352100959222;
